Technology,Year,5th percentile,Weighted average,95th percentile,Cumulative capacity MW,Net additions MW,LCOE_units,cumCapacity_units,netAdditions_units
Solar photovoltaic,2010,0.208,0.417,0.521,40338,17493,0.417 $/kWh,40338 MW,17493 MW
Solar photovoltaic,2011,0.175,0.311,0.518,72216,31878,0.311 $/kWh,72216 MW,31878 MW
Solar photovoltaic,2012,0.140,0.233,0.416,101745,29529,0.233 $/kWh,101745 MW,29529 MW
Solar photovoltaic,2013,0.122,0.179,0.375,137227,35482,0.179 $/kWh,137227 MW,35482 MW
Solar photovoltaic,2014,0.099,0.161,0.357,175617,38390,0.161 $/kWh,175617 MW,38390 MW
Solar photovoltaic,2015,0.079,0.121,0.286,223204,47586,0.121 $/kWh,223204 MW,47586 MW
Solar photovoltaic,2016,0.073,0.106,0.241,295229,72025,0.106 $/kWh,295229 MW,72025 MW
Solar photovoltaic,2017,0.053,0.084,0.210,390207,94978,0.084 $/kWh,390207 MW,94978 MW
Solar photovoltaic,2018,0.048,0.071,0.194,483012,92805,0.071 $/kWh,483012 MW,92805 MW
Solar photovoltaic,2019,0.046,0.062,0.165,584686,101674,0.062 $/kWh,584686 MW,101674 MW
Solar photovoltaic,2020,0.038,0.055,0.162,710281,125595,0.055 $/kWh,710281 MW,125595 MW
Solar photovoltaic,2021,0.029,0.048,0.120,843086,132805,0.048 $/kWh,843086 MW,132805 MW
Onshore wind,2010,0.067,0.102,0.140,177796,29809,0.102 $/kWh,177796 MW,29809 MW
Onshore wind,2011,0.068,0.096,0.145,216346,38550,0.096 $/kWh,216346 MW,38550 MW
Onshore wind,2012,0.066,0.088,0.121,261584,45238,0.088 $/kWh,261584 MW,45238 MW
Onshore wind,2013,0.062,0.089,0.124,292668,31085,0.089 $/kWh,292668 MW,31085 MW
Onshore wind,2014,0.057,0.080,0.125,340815,48146,0.080 $/kWh,340815 MW,48146 MW
Onshore wind,2015,0.046,0.069,0.129,404453,63638,0.069 $/kWh,404453 MW,63638 MW
Onshore wind,2016,0.041,0.064,0.109,452524,48072,0.064 $/kWh,452524 MW,48072 MW
Onshore wind,2017,0.036,0.060,0.108,495378,42854,0.060 $/kWh,495378 MW,42854 MW
Onshore wind,2018,0.032,0.051,0.087,539840,44462,0.051 $/kWh,539840 MW,44462 MW
Onshore wind,2019,0.030,0.045,0.092,592888,53048,0.045 $/kWh,592888 MW,53048 MW
Onshore wind,2020,0.025,0.039,0.079,697401,104513,0.039 $/kWh,697401 MW,104513 MW
Onshore wind,2021,0.020,0.033,0.064,769196,71794,0.033 $/kWh,769196 MW,71794 MW
Offshore wind,2010,0.112,0.188,0.307,3056,922,0.188 $/kWh,3056 MW,922 MW
Offshore wind,2011,0.108,0.196,0.246,3776,720,0.196 $/kWh,3776 MW,720 MW
Offshore wind,2012,0.114,0.167,0.232,5334,1558,0.167 $/kWh,5334 MW,1558 MW
Offshore wind,2013,0.092,0.141,0.203,7171,1837,0.141 $/kWh,7171 MW,1837 MW
Offshore wind,2014,0.131,0.172,0.201,8492,1321,0.172 $/kWh,8492 MW,1321 MW
Offshore wind,2015,0.104,0.141,0.176,11717,3225,0.141 $/kWh,11717 MW,3225 MW
Offshore wind,2016,0.100,0.116,0.339,14342,2624,0.116 $/kWh,14342 MW,2624 MW
Offshore wind,2017,0.092,0.106,0.151,18837,4495,0.106 $/kWh,18837 MW,4495 MW
Offshore wind,2018,0.068,0.100,0.210,23626,4789,0.100 $/kWh,23626 MW,4789 MW
Offshore wind,2019,0.066,0.086,0.119,28382,4756,0.086 $/kWh,28382 MW,4756 MW
Offshore wind,2020,0.077,0.086,0.256,34362,5980,0.086 $/kWh,34362 MW,5980 MW
Offshore wind,2021,0.054,0.075,0.127,55678,21317,0.075 $/kWh,55678 MW,21317 MW
Solar concentrating,2010,0.274,0.358,0.406,1266,501,0.358 $/kWh,1266 MW,501 MW
Solar concentrating,2011,0.252,0.347,0.473,1705,439,0.347 $/kWh,1705 MW,439 MW
Solar concentrating,2012,0.224,0.338,0.448,2567,862,0.338 $/kWh,2567 MW,862 MW
Solar concentrating,2013,0.168,0.249,0.340,3942,1375,0.249 $/kWh,3942 MW,1375 MW
Solar concentrating,2014,0.128,0.216,0.268,4599,657,0.216 $/kWh,4599 MW,657 MW
Solar concentrating,2015,0.169,0.224,0.289,4850,251,0.224 $/kWh,4850 MW,251 MW
Solar concentrating,2016,0.172,0.247,0.307,4970,120,0.247 $/kWh,4970 MW,120 MW
Solar concentrating,2017,0.121,0.206,0.245,5069,99,0.206 $/kWh,5069 MW,99 MW
Solar concentrating,2018,0.081,0.149,0.222,5808,739,0.149 $/kWh,5808 MW,739 MW
Solar concentrating,2019,0.104,0.212,0.345,6373,565,0.212 $/kWh,6373 MW,565 MW
Solar concentrating,2020,0.097,0.107,0.111,6507,134,0.107 $/kWh,6507 MW,134 MW
Solar concentrating,2021,0.114,0.114,0.114,6387,-120,0.114 $/kWh,6387 MW,-120 MW
Hydropower,2010,0.021,0.039,0.087,925629,34019,0.039 $/kWh,925629 MW,34019 MW
Hydropower,2011,0.021,0.037,0.072,953882,28252,0.037 $/kWh,953882 MW,28252 MW
Hydropower,2012,0.023,0.038,0.084,984506,30624,0.038 $/kWh,984506 MW,30624 MW
Hydropower,2013,0.023,0.043,0.091,1029368,44862,0.043 $/kWh,1029368 MW,44862 MW
Hydropower,2014,0.023,0.042,0.114,1066520,37153,0.042 $/kWh,1066520 MW,37153 MW
Hydropower,2015,0.023,0.037,0.107,1098751,32230,0.037 $/kWh,1098751 MW,32230 MW
Hydropower,2016,0.027,0.048,0.147,1128966,30215,0.048 $/kWh,1128966 MW,30215 MW
Hydropower,2017,0.028,0.051,0.179,1151032,22066,0.051 $/kWh,1151032 MW,22066 MW
Hydropower,2018,0.027,0.040,0.098,1173258,22226,0.040 $/kWh,1173258 MW,22226 MW
Hydropower,2019,0.024,0.041,0.099,1191156,17898,0.041 $/kWh,1191156 MW,17898 MW
Hydropower,2020,0.027,0.046,0.136,1211092,19936,0.046 $/kWh,1211092 MW,19936 MW
Hydropower,2021,0.032,0.048,0.117,1230040,18948,0.048 $/kWh,1230040 MW,18948 MW
Bioenergy,2010,0.040,0.078,0.144,65948,4723,0.078 $/kWh,65948 MW,4723 MW
Bioenergy,2011,0.036,0.057,0.155,72271,6323,0.057 $/kWh,72271 MW,6323 MW
Bioenergy,2012,0.039,0.062,0.136,77198,4927,0.062 $/kWh,77198 MW,4927 MW
Bioenergy,2013,0.046,0.082,0.177,84545,7347,0.082 $/kWh,84545 MW,7347 MW
Bioenergy,2014,0.047,0.082,0.315,90605,6060,0.082 $/kWh,90605 MW,6060 MW
Bioenergy,2015,0.039,0.073,0.357,96351,5746,0.073 $/kWh,96351 MW,5746 MW
Bioenergy,2016,0.055,0.071,0.238,105245,8893,0.071 $/kWh,105245 MW,8893 MW
Bioenergy,2017,0.055,0.071,0.197,110966,5722,0.071 $/kWh,110966 MW,5722 MW
Bioenergy,2018,0.048,0.055,0.276,118256,7290,0.055 $/kWh,118256 MW,7290 MW
Bioenergy,2019,0.053,0.064,0.239,123940,5684,0.064 $/kWh,123940 MW,5684 MW
Bioenergy,2020,0.042,0.072,0.145,133025,9085,0.072 $/kWh,133025 MW,9085 MW
Bioenergy,2021,0.061,0.067,0.139,143371,10346,0.067 $/kWh,143371 MW,10346 MW
Geothermal,2010,0.038,0.050,0.077,9992,225,0.050 $/kWh,9992 MW,225 MW
Geothermal,2011,0.047,0.068,0.120,10133,141,0.068 $/kWh,10133 MW,141 MW
Geothermal,2012,0.056,0.086,0.162,10479,346,0.086 $/kWh,10479 MW,346 MW
Geothermal,2013,0.040,0.064,0.170,10717,238,0.064 $/kWh,10717 MW,238 MW
Geothermal,2014,0.045,0.065,0.220,11157,441,0.065 $/kWh,11157 MW,441 MW
Geothermal,2015,0.047,0.059,0.105,11812,655,0.059 $/kWh,11812 MW,655 MW
Geothermal,2016,0.052,0.068,0.114,12137,325,0.068 $/kWh,12137 MW,325 MW
Geothermal,2017,0.039,0.071,0.128,12697,560,0.071 $/kWh,12697 MW,560 MW
Geothermal,2018,0.054,0.068,0.147,13169,471,0.068 $/kWh,13169 MW,471 MW
Geothermal,2019,0.046,0.067,0.127,13738,569,0.067 $/kWh,13738 MW,569 MW
Geothermal,2020,0.038,0.054,0.083,14073,335,0.054 $/kWh,14073 MW,335 MW
Geothermal,2021,0.037,0.068,0.099,15644,1571,0.068 $/kWh,15644 MW,1571 MW
